2416656404
392404264
2762921854
2815332616
1789697341
1247062382
3064731679
1806228040
194297100
4245895687
2522251267
3076095902
504437154
1869862778
713742567
4023473947
80639063
683471418
2683942243
102772541
924078257
3953052177
3717074403
2144840320
672198458
1272698595
162668754
3780736276
1552854434
3435712468
3506591511
2044196131
3183846240
3797919103
2638092361
2865009238
1765710904
97941687
284822495
108317690
1751133438
3999150924
1904589496
695918970
1599034145
1010085559
3848660128
158825545
3641178440
1374927709
2100943667
2363842318
2326234325
1522232635
2849914025
908834003
3642508206
2149207875
718142205
2617214219
3048416494
2643942208
1367864669
4191043320
2205204164
3420316242
1879432486
4084011261
3656954599
4086592955
1436180806
2389191070
238069094
4256644983
628734362
2472255774
744097291
3304931039
2401764385
840515362
2595072844
3964886642
4008033685
1980052497
1859437299
3029654469
105705851
1414252577
687745963
1988437418
2954416642
1968899113
1993767304
555946402
2888920756
2190977048
2125871976
2530237687
334258668
200606074
1127641762
1618711157
2976440813
1826301592
1330150311
1562226430
3223517084
1618336681
3623522726
1561436445
611959097
1773019853
3562385063
2101781247
1973471954
615875300
1310362145
4191417558
4129321364
40178348
3784879130
1554355765
389516179
1195985925
734793064
3295308440
1362392501
1985535756
2908874948
387008544
2431837117
2045993774
258325426
3639524129
2148819056
629153136
3678870498
726966483
2981285350
3478550503
233372888
847816115
2350721343
2895179660
4294458363
3311166893
1136230757
2558745054
1215968129
2443044988
1555718179
1717865598
2195456158
1690144238
4179078872
3641562967
4124010166
249284682
894170126
2525874100
3937802378
3605858395
2501888870
2224747565
3229742840
4131213416
343324779
1682887489
1992186752
988105538
3896825607
2640895828
1972443885
2298259242
2174947417
2389418860
198349316
1331337761
3467688126
1696948242
1699878959
598596458
618218269
3802702268
469921455
853167853
3751232095
1854818710
3082836237
3433060247
1379878183
1284711311
1407166479
2802557498
387052626
3200841898
395308102
3329582525
2454881530
160505884
1618430124
4177476206
2875691734
1384044820
846905698
847540723
1939938965
1998032644
2268947294
2814164844
187186417
255155337
2995336404
1425507420
2207862508
398649690
1994124546
3014531770
731318170
4116903713
2642736513
4235625953
1096011481
1528861757
126733732
3605855521
2073724221
3916088785
1500173016
1948755538
1617839491
1959727721
837845338
2918802606
576894610
66564312
3910284205
2315600189
1723292025
74811278
764212088
4009553225
3917401657
1777900260
2612216308
1195998477
1471445424
2620605870
3631797419
3514813694
3064671774
3651988141
2961744278
789277274
3283638262
37176117
32873525
4098116230
436254599
703534423
4047853463
2020334229
3343132862
3000315151
1329593015
3824270135
2048345991
3333693027
23936275
3618395856
3232359483
610099954
383600346
3046005590
4273031510
264744442
2227040975
3213610252
1886969597
3067059744
1213261374
2065730939
3063103079
911959587
1522644516
184614307
1208633314
4170217809
2797053200
2068054639
1339197359
3505523336
2644397978
3824429884
3111273909
2706085497
3289932237
3228703916
2459723522
849907878
1540708580
2113327216
2414526305
3854914123
1673688415
146660296
3556898007
3347284166
1366887376
2807325623
591681267
2133158536
109709802
910375105
2477488742
454653722
2976510099
3645183569
121378004
3063529353
1113693910
1783529871
2609836349
2380733963
3537706052
3747411339
2018366956
3794593706
519005554
2956135656
691342520
2801379025
1840386846
3865599279
3769214941
3306050438
3490311656
1569880805
1536120892
2676638334
4223154091
1842585665
2193394029
82905514
1680691905
2224321154
237672164
3456632148
2461829607
1031264932
2959876757
1459525677
419465251
1971178679
307411369
791865178
1574044007
1061321811
2044095704
629114864
821095750
2804911550
1948575024
3975401987
305401207
4084641136
2662733325
1530826740
3131117202
4266355010
3150363281
3384134724
2757472250
2637089419
2136451206
2165910476
2934272259
382049124
3484494914
3860837562
481170771
1185928496
13118656
285304176
1187298896
4279439552
2942137893
3253393170
2427814177
941601019
3312336044
2317570635
91686793
4151332171
1830079775
2437955032
597341758
542058314
3244187729
195573549
1935506199
2158387124
632119757
409041075
1422065421
3505409497
97625258
949899286
2707952609
2721367072
1128868949
3321656532
221276828
283434328
1076015614
2548066719
889990873
3279377009
1853903610
1555285904
2948095091
3075787518
361703836
1418414577
2751811495
1473405730
1748589654
528952546
1130797474
2969704702
1918822886
787238439
709308321
278842231
3874859671
2988986826
1196021726
3293956618
4105342754
3065207768
1970212852
1222559368
3374382128
3376022858
1011061746
1984966605
2408578713
1204603541
1181506854
1766361172
1470046264
2241159938
3231211555
4284883088
1419194748
3447101620
3947129423
2724212240
3662867607
92203465
3298654087
2199721121
2886575656
790941956
2815780319
1434362333
1957679836
3172445582
3139383770
1860340440
3692661778
1717438006
267906999
1699189733
2899549111
91957706
2803897778
1113723725
1015829468
133693214
2844994650
508741229
365260474
3880355939
1957232886
833526517
1153091511
1850454020
1165522763
2910251062
3730584805
2135333339
3195304927
1777303492
997854610
4001441818
1806500822
64282323
1403971912
3774082917
3176903559
3926703556
2482115503
490934212
2624668856
1885930540
2268522134
190534711
724118715
3188870757
3723268743
3112576022
2405494147
695247616
1272050994
1366263197
2068297078
593229007
444577592
1818126451
3726049073
4167191213
1959746921
3614815970
1506739837
4101096869
3425157869
3679104591
1186026638
2437968564
2607563849
1395121964
3487028580
373668558
2535909678
1071374003
3294339347
2662708199
3041666924
3031823335
637049254
4252413050
3957724762
3050710326
446778497
2846662050
177501793
3445557888
985441138
4186723476
1162864741
1645681190
2863257196
783152412
3564187740
975426985
3883757153
180698332
2583205587
4008158028
2058992298
1769721966
1066691415
562367732
1110510824
2473481302
314071555
1342684551
58384999
537817152
1112994036
1978837808
498620787
3456064934
3311592477
4162438713
2891465831
2398153116
1242845138
2817421780
3266411843
1725853886
2001858556
1343412939
1748921347
3428516891
949527316
158716035
3346085670
2924914042
1663824693
3667356903
1645212891
3937879067
3740177252
2669015175
3150933287
1316034841
140743716
2979844050
581189357
3537760855
1025107043
4088705939
1845731359
1253184833
1280692339
2375271471
3868563913
228791766
3126925337
3557737915
3626058816
2600365366
4047224321
3263165165
634741518
3064589402
733261247
2034242441
1838055235
1210232790
1165611303
4081202563
2666999253
95296263
428438296
1304528818
113934098
962184291
1399519209
3734835047
2017345730
556767966
1354573427
2445036558
2027022339
875740320
1617424901
1448725181
2594023052
2991363106
3007360996
1845927656
2380452198
3640476197
350581375
2193975347
2517894628
4064082406
2340259885
2824324346
2557133430
2297099584
26446668
824554035
3509085001
1788699804
2077040348
1874498924
1577599482
3274374224
1105650819
1996552511
4204582165
443839423
3418191881
2166664223
3490122154
9207015
1159633993
560075646
2609675811
346673767
2976297389
1200788327
355842696
3448584275
3090596998
1244536890
1289767571
4280231792
655625942
7320772
1948814544
3391378708
1105603875
2500012268
1266488034
2650404431
3403249640
4105888321
2910600123
83033307
2905124227
365470931
3606388816
179589339
3228278111
1473924923
